row_ptr = [0, 1, 4, 5, 6, 9, 12, 14, 17]
col_idx = [6, 0, 2, 3, 0, 1, 2, 3, 6, 3, 4, 7, 4, 7, 4, 5, 6]
val = [0.333333, 0.500000, 0.500000, 0.333333, 0.500000,
    1.000000, 0.500000, 0.333333, 0.333333, 0.333333, 0.333333,
    0.500000, 0.333333, 0.500000, 0.333333, 1.000000, 0.333333]
